i	x	y	dy_dx
0	0.0000	2.150000	0.209017
1	0.2000	2.191803	0.147110
2	0.4000	2.208844	0.036963
3	0.6000	2.206589	-0.038192
4	0.8000	2.193567	-0.067099
5	1.0000	2.179749	-0.047212
6	1.2000	2.174682	0.014906
7	1.4000	2.185712	0.104791
8	1.6000	2.216599	0.202657
9	1.8000	2.266775	0.286924
10	2.0000	2.331368	0.338052
11	2.2000	2.401995	0.342035
12	2.4000	2.468182	0.292940
13	2.6000	2.519172	0.194035
14	2.8000	2.545796	0.057326
15	3.0000	2.542102	-0.098426
16	3.2000	2.506426	-0.250872
17	3.4000	2.441753	-0.377864
18	3.6000	2.355281	-0.461223
19	3.8000	2.257264	-0.489820
20	4.0000	2.159353	-0.461445
21	4.2000	2.072686	-0.383138
22	4.4000	2.006097	-0.269925
23	4.6000	1.964716	-0.142176
24	4.8000	1.949227	-0.022052
25	5.0000	1.955895	0.070346
26	5.2000	1.977365	0.120455
27	5.4000	2.004077	0.121755
28	5.6000	2.026067	0.076856
29	5.8000	2.034820	-0.003009
30	6.0000	2.024864	-0.100005
31	6.2000	1.994818	-0.192870
32	6.4000	1.947716	-0.260702
33	6.6000	1.890537	-0.286678
34	6.8000	1.833044	-0.261084
35	7.0000	1.786104	-0.183100
36	7.2000	1.759804	-0.061049
37	7.4000	1.761684	0.088949
38	7.6000	1.795384	0.245680
39	7.8000	1.859956	0.386427
40	8.0000	1.949955	0.490830
41	8.2000	2.056288	0.544344
42	8.4000	2.167693	0.540702
43	8.6000	2.272569	0.482937
44	8.8000	2.360867	0.382813
45	9.0000	2.425694	0.258746
46	9.2000	2.464366	0.132581
47	9.4000	2.478727	0.025792
48	9.6000	2.474683	-0.044243
49	9.8000	2.461029	-0.068266
